100
3 1 5 15 13 11
3 0 8 23 22 21
3 2 1 6 0 13
2 0 4 0 8
2 2 7 6 2
2 0 7 18 18
1 0 5 1
1 1 7 2
3 3 10 25 13 19
2 0 6 30 14
2 1 9 3 6
1 0 3 5
1 0 3 23
3 2 6 15 15 14
3 0 7 16 29 12
1 0 0 30
1 0 9 23
3 2 7 18 21 6
3 2 9 20 5 15
3 0 0 30 30 30
2 0 10 0 26
1 1 5 18
3 3 1 26 7 16
2 0 0 16 0
1 0 3 13
3 0 4 19 9 14
1 1 7 11
2 1 1 30 19
3 0 5 12 30 11
3 0 6 14 14 10
2 0 7 10 26
2 2 0 5 17
2 1 10 13 13
1 0 8 21
2 0 8 11 17
1 1 0 18
2 0 3 6 13
2 1 10 26 27
1 0 9 23
2 2 3 18 6
1 0 10 26
1 0 2 25
1 1 3 22
3 0 0 25 18 1
3 2 2 28 30 6
2 1 5 2 23
3 0 10 26 7 27
2 2 8 21 18
1 0 10 26
3 0 7 11 2 11
1 0 5 11
2 1 9 24 23
3 2 8 20 20 20
3 0 8 20 21 21
1 0 4 9
1 0 4 8
3 0 8 22 20 7
3 0 6 8 1 16
2 0 3 5 5
1 1 2 6
3 0 6 15 3 14
1 1 7 14
1 0 10 0
3 0 8 21 21 20
2 0 0 0 0
3 2 5 2 9 0
2 0 8 28 21
2 2 4 17 18
2 0 6 13 15
2 0 7 24 6
1 0 5 11
1 1 5 21
1 0 5 28
2 0 6 22 21
1 0 3 5
3 3 4 27 10 16
3 1 10 27 26 27
1 0 4 8
3 0 9 4 24 24
3 3 4 27 15 22
2 2 5 27 19
3 1 10 27 25 27
2 0 6 20 23
3 1 5 11 12 11
2 0 9 24 14
2 2 7 16 20
2 0 10 11 6
1 1 8 7
2 1 10 24 3
3 0 3 6 5 0
3 0 1 24 29 10
2 0 4 2 9
1 0 10 30
1 0 0 10
2 0 6 4 15
2 0 3 23 29
2 0 1 0 0
2 0 0 2 7
3 2 3 16 30 28
3 0 3 6 6 0
