100
2
0 1
0 2
3
2 2
0 0
4 4
1
1 1
5
0 5
0 1
1 1
4 7
5 6
9
10 12
0 5
4 11
12 15
14 15
2 5
0 5
5 12
4 8
4
0 1
5 7
4 4
2 5
6
6 8
8 8
0 11
0 0
1 7
0 5
3
4 4
0 4
0 0
10
312 536
644 1161
256 256
60 614
892 916
614 860
102 445
1264 1558
631 878
151 301
1
0 2
7
7 8
1 13
0 4
6 8
11 12
1 4
3 10
3
3 3
0 2
2 3
6
97 142
958 1946
257 298
168 990
369 496
148 539
10
5 6
8 19
7 9
3 6
7 16
13 16
7 18
3 8
0 2
2 10
9
8 9
9 11
5 9
5 14
2 9
0 1
13 15
4 13
2 5
2
0 3
0 1
5
5 5
0 3
0 5
7 8
2 8
8
1 12
4 13
9 11
7 15
5 14
0 10
3 8
2 6
6
2 8
1 10
0 9
5 10
3 7
3 4
4
0 2
1 5
3 7
4 6
2
0 3
0 3
10
6 8
3 7
0 15
2 5
1 4
9 19
10 14
11 13
16 18
12 17
1
703 1412
3
4 5
1 2
0 1
3
475 819
6 31
163 848
6
7 10
3 5
1 11
0 4
6 9
2 8
8
1 4
0 8
8 10
1 4
12 14
8 14
1 1
11 12
10
2 7
3 16
7 13
7 8
0 1
16 19
15 16
7 12
3 5
1 5
6
5 10
2 5
0 10
3 3
0 7
7 7
10
0 7
9 17
3 10
4 17
7 14
0 7
2 14
4 7
6 13
14 17
3
0 5
0 1
0 2
9
21 51
704 739
78 142
285 509
179 935
327 1136
748 767
1230 1709
251 388
5
4 8
4 9
1 3
3 7
0 6
6
314 436
572 919
451 1833
399 697
1114 1959
595 674
10
16 17
6 14
8 14
8 13
6 6
6 13
1 3
0 1
3 8
7 14
2
0 1
0 3
5
1 6
2 3
2 7
0 8
5 7
8
8 10
10 14
0 5
8 11
6 14
5 13
0 2
0 4
9
1440 1820
597 1075
607 791
689 1753
93 693
361 1566
74 552
54 1035
247 940
1
0 1
9
0 17
0 2
0 1
0 4
0 8
0 5
0 8
0 6
0 4
4
0 1
5 6
2 7
3 4
5
412 480
0 217
773 1282
137 303
1240 1963
6
1 12
6 9
7 7
0 2
4 4
3 9
10
185 823
609 891
1457 1656
308 919
158 1357
600 747
289 338
213 449
101 1201
198 235
4
0 3
0 3
0 1
0 7
6
3 11
0 7
7 10
0 3
1 10
5 6
8
2 11
9 10
6 15
7 10
1 6
5 13
2 11
1 4
7
2 13
5 12
9 10
2 7
1 2
7 9
0 4
6
0 5
0 6
0 1
0 3
0 11
0 6
9
252 379
186 926
544 662
117 1459
955 982
1403 1856
931 1075
387 571
77 93
9
880 1241
28 61
230 466
444 1902
754 1594
295 978
90 1929
732 1411
60 1097
6
1 2
0 6
7 10
2 8
2 2
7 10
8
2 6
6 10
7 7
5 12
4 13
12 13
1 10
0 2
6
1 7
2 3
2 9
0 4
7 8
9 10
5
3 6
0 5
7 9
1 2
4 8
7
1 9
4 10
2 11
12 13
7 8
0 5
3 6
7
0 6
9 11
1 4
12 13
3 10
2 7
5 8
8
123 565
67 567
578 1056
340 755
626 689
191 493
402 1388
536 547
4
0 7
0 4
0 2
0 1
4
0 2
0 7
0 1
0 3
3
1 1
1 4
0 1
3
0 2
2 4
2 4
6
2 6
1 3
5 7
9 10
0 7
3 9
4
2 3
5 6
0 7
1 4
6
6 8
8 10
0 7
4 10
3 4
1 3
7
5 9
0 8
0 1
4 9
6 8
2 9
9 13
10
0 9
0 7
0 8
0 5
0 2
0 19
0 1
0 7
0 8
0 6
3
3 3
0 1
1 1
2
323 837
1158 1357
6
8 9
3 6
0 3
4 9
0 2
7 9
5
2 4
2 5
4 7
0 0
8 8
4
2 3
5 5
0 1
4 5
9
0 7
13 14
12 17
8 10
3 9
1 2
4 6
11 15
5 16
2
0 2
1 2
7
6 10
0 10
5 5
4 7
9 10
0 9
0 1
10
9 13
15 18
11 17
10 12
14 16
0 7
1 4
5 6
2 3
8 19
1
0 1
8
14 15
4 9
7 11
4 4
1 7
1 4
0 2
9 9
5
2 5
7 8
0 2
1 7
0 1
3
3 4
0 3
1 3
5
4 6
2 7
3 8
5 9
0 1
4
2 6
4 4
0 2
3 6
10
5 6
0 5
8 9
13 15
2 2
6 17
5 11
0 18
8 12
4 19
8
0 0
0 0
0 0
0 0
0 0
0 0
0 0
0 0
8
0 13
8 12
1 15
3 6
4 14
2 7
9 11
5 10
2
0 3
0 1
10
1 9
4 16
1 4
10 13
0 18
18 19
13 15
0 8
6 9
4 11
8
2 12
14 15
9 13
4 6
3 5
0 1
7 10
8 11
4
2 6
4 7
0 2
0 4
1
0 1
9
0 8
0 4
0 8
0 5
0 4
0 1
0 5
0 4
0 17
4
0 6
0 2
2 6
2 2
10
2001 2001
2001 2001
2001 2001
2001 2001
2001 2001
2001 2001
2001 2001
2001 2001
2001 2001
2001 2001
8
257 922
1687 1938
216 342
508 634
73 878
6 19
841 1266
398 1689
8
12 15
7 8
2 7
5 10
2 12
8 14
0 4
3 6
6
0 3
0 4
0 1
0 5
0 5
0 11
10
119 261
414 1378
106 166
447 1117
1212 1864
735 883
136 242
118 198
402 674
1245 1434
8
3 5
6 9
8 12
7 10
13 15
11 14
0 2
1 4
2
0 1
0 1
