100
2
0 1
0 2
3
2 2
0 0
4 4
1
1 1
5
0 5
0 1
1 1
4 7
5 6
4
0 1
0 7
0 4
0 4
6
0 3
2 6
6 7
7 11
0 3
3 11
6
0 3
9 10
7 11
1 6
2 4
5 8
10
2 16
0 9
11 19
6 13
8 18
7 12
1 10
5 17
4 14
3 15
6
218 1130
95 1748
26 1218
1353 1464
534 1434
571 964
5
1102 1794
1003 1007
405 693
908 1664
1092 1438
9
7 11
2 14
4 5
3 9
6 17
1 13
12 15
0 10
8 16
3
116 747
763 1516
7 1332
4
2 3
6 6
1 4
0 7
10
4 14
5 14
1 4
16 16
2 5
8 16
0 2
12 19
5 9
9 10
10
1504 1612
578 1277
1 1
146 1690
515 898
246 545
857 1739
777 1282
0 23
611 1437
10
2 8
0 7
6 9
1 9
8 12
1 15
15 15
2 5
12 12
15 16
2
0 1
2 3
2
0 1
1 1
7
0 2
0 2
0 1
0 5
0 2
0 2
0 13
8
10 10
7 7
0 7
10 14
2 10
5 13
1 2
1 2
5
181 1339
318 674
1093 1408
1156 1559
427 677
6
9 11
4 6
1 3
7 10
0 2
5 8
10
2 2
1 2
7 8
12 16
8 16
16 16
2 3
2 12
10 12
0 16
9
0 4
0 5
0 17
0 9
0 3
0 3
0 9
0 5
0 1
10
0 15
5 7
2 5
5 10
11 17
0 1
10 13
7 11
7 13
13 17
6
389 1307
108 244
1313 1500
749 1493
12 336
810 1482
3
1118 1734
71 271
31 60
8
418 1218
842 1054
269 464
405 602
345 490
609 681
1150 1295
707 1800
8
9 13
1 4
4 4
10 12
0 1
4 8
12 15
1 8
1
0 1
7
6 8
2 2
0 10
6 14
4 11
5 6
1 11
10
0 19
0 10
0 1
0 2
0 7
0 8
0 3
0 10
0 10
0 3
9
0 17
0 6
0 3
0 3
0 5
0 3
0 2
0 1
0 9
8
13 13
3 11
9 11
6 7
3 6
0 2
6 12
1 9
4
0 7
0 1
0 3
0 4
1
0 0
6
0 0
6 10
2 3
5 8
7 7
4 10
7
11 12
5 6
0 11
0 1
3 7
3 7
6 7
5
0 9
0 3
3 8
0 1
1 3
3
92 1303
162 650
109 1147
5
0 0
0 0
0 0
0 0
0 0
3
0 1
0 5
0 3
7
9 12
10 11
1 6
3 4
8 13
2 5
0 7
2
0 2
2 3
2
1 2
0 3
1
0 0
1
0 2
8
10 13
7 10
0 6
7 12
3 4
0 1
0 7
7 11
9
0 9
0 17
0 6
0 3
0 6
0 3
0 3
0 1
0 3
10
294 1458
293 446
1417 1986
1176 1221
231 716
203 370
543 1669
687 1114
1658 1926
205 419
2
2 3
0 1
10
5 9
0 5
2 19
13 14
15 17
7 9
2 6
0 13
8 18
9 11
9
913 1976
304 1503
490 1008
857 1230
1257 1880
1302 1462
1274 1365
1372 1888
725 756
5
6 8
0 5
1 5
1 5
3 5
6
0 5
8 8
1 5
4 7
8 9
1 3
5
0 7
0 4
0 4
2 8
5 9
3
1 4
0 3
1 3
7
0 3
0 5
0 1
0 3
0 6
0 2
0 13
7
4 12
11 13
0 3
1 4
2 8
8 9
6 7
1
0 1
8
9 12
8 8
0 0
4 10
0 7
3 6
11 12
3 10
9
11 13
9 10
7 15
1 5
8 14
2 17
0 3
4 12
6 16
7
10 10
2 13
0 2
7 12
4 6
4 8
1 6
8
5 8
2 3
1 7
11 15
10 13
12 14
0 4
6 9
10
2 14
13 18
15 19
2 7
0 3
12 14
5 16
0 2
5 8
7 12
6
0 3
0 6
0 3
0 5
0 1
0 11
9
3 8
4 14
11 13
7 10
0 6
1 4
0 12
14 17
8 8
7
8 10
1 4
5 10
6 7
1 1
3 4
8 10
8
1328 1965
1683 1987
350 612
525 938
355 981
467 1269
359 363
158 784
6
0 1
0 9
3 4
2 4
7 9
6 9
3
0 2
1 4
3 4
9
3 6
0 9
2 5
10 12
1 13
11 16
7 15
8 17
4 14
10
1 163
157 549
231 1633
955 1280
144 861
2 6
417 1754
1005 1610
303 401
116 271
2
2 3
0 1
1
0 1
1
0 1
9
5 42
387 1735
33 577
242 980
291 497
462 1401
1142 1449
1489 1774
96 319
2
0 2
2 2
10
2 5
1 7
7 12
11 18
1 9
15 16
0 3
1 9
17 18
7 13
1
0 2
9
0 6
0 17
0 4
0 7
0 6
0 1
0 2
0 8
0 8
3
3 5
1 4
0 2
5
5 9
0 6
1 3
2 4
7 8
9
5 7
6 12
0 9
3 17
13 15
2 10
4 14
8 16
1 11
6
3 10
8 10
2 6
1 8
0 3
3 4
6
8 9
1 2
4 10
5 6
0 7
3 11
10
0 8
0 7
0 1
0 6
0 3
0 10
0 2
0 3
0 19
0 8
2
0 2
2 2
6
0 6
2 7
1 3
3 8
9 11
3 8
2
1 1
0 1
9
1 11
1 5
1 4
8 12
0 14
0 10
9 14
7 16
10 16
9
2 13
3 8
10 16
9 12
13 13
8 10
0 4
5 16
0 3
3
0 5
0 2
0 1
8
7 8
2 5
0 5
2 8
11 12
9 14
5 6
1 14
7
0 1
0 6
12 12
3 7
0 3
8 11
6 9
4
5 7
0 1
3 4
2 6
10
0 2
14 14
11 13
0 17
18 18
9 12
2 8
7 12
4 4
4 5
8
0 8
12 14
1 11
2 10
6 6
5 5
1 13
2 15
10
0 8
5 19
3 12
14 15
7 13
9 17
10 11
6 18
2 16
1 4
10
2001 2001
2001 2001
2001 2001
2001 2001
2001 2001
2001 2001
2001 2001
2001 2001
2001 2001
2001 2001
