20
2 5
0.600000 0.600000
1 20
1.000000
3 4
1.000000 0.900000 0.100000
2 3
0.999999 1.000000
3 5
0.777483 0.204761 0.208360
3 100
0.194107 0.752463 0.769288
2 7
0.017972 0.814406
3 10
0.034927 0.816226 0.163260
1 4
0.999998
3 42
0.999999 0.999999 1.000000
2 60
0.202376 0.709063
1 3
0.000006
3 10
0.945915 0.876817 0.134470
3 42
0.000002 0.000005 0.000002
2 7
0.820066 0.196631
3 10
0.939459 0.043913 0.987192
2 5
0.417440 0.367291
3 4
1.000000 1.000000 0.421790
3 17
0.784449 0.340528 0.165576
2 4
0.000010 0.000005
