20
2 5
0.600000 0.600000
1 20
1.000000
3 4
1.000000 0.900000 0.100000
2 7
0.806443 0.142889
3 5
0.195970 0.281956 0.961589
3 42
0.999999 0.999999 0.999999
2 60
0.082995 0.291891
3 17
0.654598 0.634244 0.512643
1 4
0.999998
3 42
0.000005 0.000004 0.000005
2 5
0.280074 0.191755
3 10
0.991833 0.998426 0.048754
3 4
0.999999 0.999999 0.570519
3 10
0.954647 0.195636 0.840261
2 3
0.999998 0.999998
2 7
0.055244 0.807838
3 100
0.100486 0.289751 0.063796
2 4
0.000009 0.000001
3 10
0.149659 0.956993 0.170180
1 3
0.000011
