10
20 1 2 3 4 5 6 7 8 9 10 11 12 13 14 15 16 17 18 19 20
20 120 266 858 1243 1657 1771 2328 2490 2665 2894 3117 4210 4454 4943 5690 6170 7048 7125 9512 9600
20 58516 52369 15904 78016 13468 67369 19382 59167 97625 5088 22651 40631 89137 2231 90878 60675 34553 57448 10308 2010
20 76291 99848 90445 67565 46090 22575 52519 22683 52229 23306 92960 72918 55889 38812 56226 19247 25840 92198 41354 10263
20 40 1966 1548 4666 826 69765 2406 2628 1646 36800 1662 1326 2204 3330 80 3216 1946 4994 204 2112
20 623 3407 1040 171 674 677 2478 30202 2392 1769 286 572 4964 142 4536 2149 810 93 2702 717
20 51103 77839 88384 45191 11142 96906 59259 56649 35787 47066 38600 15728 68572 60140 45983 14879 54719 30493 27285 80853
20 49129 57994 30764 67966 45811 66851 70830 91856 11832 86682 20722 81927 33240 75088 46674 49855 68564 8740 67859 8591
20 14826 24141 46164 55152 14430 26042 86155 29353 3745 41016 48363 34623 11639 17455 33658 65375 46606 84770 90773 28465
20 1172 2200 4508 44330 3584 2210 8 2752 2406 1366 2396 1804 51767 1878 2934 1722 4694 2454 4558 1684
